15,15,15,15,15,15,15,15,15,15,15,15,15,15,15,15,15,15,15,15,15,15,15,15,15,15,15,15,15,15,15,15,15,15,15,15,15,15,15,15,15,15,15,15,15,15,15,15,15,15,15,15,15,15,15,15,15,15,15,15,15,15,15,15,15,15,15,15,15,15,15,15,15,15,15,15,15,15,15,15,15,15,15,15,15,15,15,15,15,15,15,15,15,15,15,15,15,15,15,15
15,15,15,15,15,15,15,15,15,15,15,15,15,15,15,15,15,15,15,15,15,15,15,15,15,15,15,15,15,15,15,15,15,15,15,15,15,15,15,15,15,15,15,15,15,15,15,15,15,15,15,15,15,15,15,15,15,15,15,15,15,15,15,15,15,15,15,15,15,15,15,15,15,15,15,15,15,15,15,15,15,15,15,15,15,15,15,15,15,15,15,15,15,15,15,15,15,15,15,15
15,15,15,15,15,15,15,15,15,15,15,15,15,15,15,15,15,15,15,15,15,15,15,15,15,15,15,15,15,15,15,15,15,15,15,15,15,15,15,15,15,15,15,15,15,15,15,15,15,15,15,15,15,15,15,15,15,15,15,15,15,15,15,15,15,15,15,15,15,15,15,15,15,15,15,15,15,15,15,15,15,15,15,15,15,15,15,15,15,15,15,15,15,15,15,15,15,15,15,15
15,15,15,15,15,15,15,15,15,15,15,15,15,15,15,15,15,15,15,15,15,15,15,15,15,15,15,15,15,15,15,15,15,15,15,15,15,15,15,15,15,15,15,15,15,15,15,15,15,15,15,15,15,15,15,15,15,15,15,15,15,15,15,15,15,15,15,15,15,15,15,15,15,15,15,15,15,15,15,15,15,15,15,15,15,15,15,15,15,15,15,15,15,15,15,15,15,15,15,15
15,15,15,15,15,15,15,15,15,15,15,15,15,15,15,15,15,15,15,15,15,15,15,15,15,15,15,15,15,15,15,15,15,15,15,15,15,15,15,15,15,15,15,15,15,15,15,15,15,15,15,15,15,15,15,15,15,15,15,15,15,15,15,15,15,15,15,15,15,15,15,15,15,15,15,15,15,15,15,15,15,15,15,15,15,15,15,15,15,15,15,15,15,15,15,15,15,15,15,15
15,15,15,15,15,15,15,15,15,15,15,15,15,15,15,15,15,15,15,15,15,15,15,15,15,15,15,15,15,0,1,1,1,1,1,1,1,1,1,1,1,1,3,15,15,15,15,15,15,15,15,15,15,15,15,15,15,15,15,15,15,15,15,15,15,15,15,15,15,15,15,15,15,15,15,15,15,15,15,15,15,15,15,15,15,15,15,15,15,15,15,15,15,15,15,15,15,15,15,15
15,15,0,1,1,1,1,1,1,1,1,1,1,1,1,1,1,1,1,3,15,15,15,15,15,15,15,15,15,14,15,15,15,15,15,15,11,15,15,15,15,15,17,15,15,15,15,15,15,15,15,15,15,15,15,15,15,15,15,15,15,15,15,15,15,15,15,15,15,15,15,15,15,15,15,15,15,15,15,15,15,15,15,15,15,15,15,15,15,15,15,15,15,15,15,15,15,15,15,15
15,15,14,15,15,15,15,15,15,15,15,15,15,15,15,15,15,15,15,17,15,15,15,15,15,15,15,15,15,14,15,15,15,15,15,15,15,15,15,15,15,15,17,15,15,15,15,15,15,15,15,15,15,15,15,0,1,1,1,1,1,1,1,1,1,1,1,1,1,1,1,3,15,15,15,15,15,15,15,15,15,15,0,1,1,1,1,1,1,1,1,1,1,1,1,1,3,15,15,15
15,15,14,15,15,15,15,15,15,15,15,15,15,15,15,15,15,15,15,42,1,1,1,1,1,1,1,1,1,43,15,15,15,15,15,15,15,15,15,11,15,15,17,15,15,15,15,15,15,15,15,15,15,15,15,14,15,15,15,15,15,15,15,15,15,15,15,15,15,15,15,42,1,1,1,1,1,1,1,1,1,1,15,15,15,15,11,15,15,15,15,15,15,15,15,15,17,15,15,15
15,15,14,15,15,15,15,15,15,15,15,15,15,15,15,15,15,15,15,15,15,15,15,15,15,15,15,15,15,15,15,15,15,15,15,15,15,15,15,15,15,15,17,15,15,15,15,15,15,15,15,15,15,15,15,14,15,15,15,15,15,15,15,15,15,15,15,15,15,15,15,15,15,15,15,15,15,15,15,15,15,15,15,15,15,15,15,11,15,15,15,15,15,15,15,15,17,15,15,15
15,15,14,15,15,15,15,15,15,15,15,15,15,15,15,15,15,15,15,15,15,15,15,15,15,15,15,15,15,15,15,15,15,15,15,15,15,15,15,15,15,15,42,1,1,1,1,1,1,1,1,1,1,1,1,43,15,15,15,15,15,15,15,15,15,15,15,15,15,15,15,15,15,15,15,15,15,15,15,15,15,15,15,15,15,15,15,15,15,15,15,15,15,15,15,15,17,15,15,15
15,15,14,15,15,15,15,15,15,15,15,15,15,15,15,15,15,15,15,44,1,1,1,1,1,1,1,1,1,45,15,15,15,15,15,15,15,15,15,15,15,15,15,15,15,15,15,15,15,15,15,15,15,15,15,15,15,15,15,15,15,15,15,15,15,15,15,15,15,15,15,44,1,1,1,1,1,1,1,1,1,1,45,15,15,15,15,15,15,15,15,15,15,15,15,15,17,15,15,15
15,15,14,15,15,15,15,15,15,15,15,15,15,15,15,15,15,15,15,17,15,15,15,15,15,15,15,15,15,14,15,15,15,15,15,15,15,15,15,15,15,15,15,15,15,15,15,15,15,15,15,15,15,15,15,15,15,15,15,15,15,15,15,15,15,15,15,15,15,15,15,17,15,15,15,15,15,15,15,15,15,15,14,15,15,15,15,15,15,15,15,15,15,15,15,15,17,15,15,15
15,15,14,15,15,15,15,15,15,15,15,15,15,15,15,15,15,15,15,17,15,15,15,15,15,15,15,15,15,14,15,15,15,15,15,15,15,15,15,15,15,15,44,1,1,1,1,1,1,1,1,1,1,1,1,45,15,15,15,15,15,15,15,15,15,15,15,15,15,15,15,17,15,15,15,15,15,15,15,15,15,15,14,15,15,15,15,15,15,15,15,15,15,15,15,15,17,15,15,15
15,15,14,15,15,15,15,15,15,15,15,15,15,15,15,15,15,15,15,17,15,15,15,15,15,15,15,15,15,14,15,15,15,15,15,15,15,15,15,15,15,15,17,15,15,15,15,15,15,15,15,15,15,15,15,14,15,15,15,15,15,15,15,15,15,15,15,15,15,15,15,17,15,15,15,15,15,15,15,15,15,15,14,15,15,15,15,15,15,15,15,15,15,15,15,15,17,15,15,15
15,15,14,15,15,15,15,15,15,15,15,15,15,15,15,15,15,15,15,17,15,15,15,15,15,15,15,15,15,14,15,15,15,15,15,15,15,15,15,15,15,15,17,15,15,15,15,15,15,15,15,15,15,15,15,14,15,15,15,15,15,15,15,15,15,15,15,15,15,15,15,17,15,15,15,15,15,15,15,15,15,15,14,15,15,15,15,15,15,15,15,15,15,15,15,15,17,15,15,15
15,15,14,15,15,15,15,15,11,15,15,15,15,15,15,15,15,15,15,17,15,15,15,15,15,15,15,15,15,14,15,15,15,15,15,15,15,15,15,15,15,15,17,15,15,15,15,15,15,15,15,15,15,15,15,14,15,15,15,15,15,15,15,15,15,15,15,15,15,15,15,17,15,15,15,15,15,15,15,15,15,15,14,15,15,15,15,15,15,15,15,15,15,15,15,15,17,15,15,15
15,15,14,15,15,15,15,15,15,15,15,15,15,15,15,15,15,15,15,17,15,15,15,15,15,15,15,15,15,14,15,15,15,15,15,15,15,15,15,15,15,15,17,15,15,15,15,15,15,15,15,15,15,15,15,14,15,15,15,15,15,15,15,15,15,15,15,15,15,15,15,17,15,15,15,15,15,15,15,15,15,15,14,15,15,15,15,15,15,15,15,15,15,15,15,15,17,15,15,15
15,15,14,15,15,15,15,15,15,15,15,15,15,15,15,15,15,15,15,17,15,15,15,15,15,15,15,15,15,14,15,15,15,15,15,15,15,15,15,15,15,15,17,15,15,15,15,15,15,15,15,15,15,15,15,14,15,15,15,15,15,15,15,15,15,15,15,15,15,15,15,17,15,15,15,15,15,15,15,15,15,15,14,15,15,15,15,15,15,15,15,15,15,15,15,15,17,15,15,15
15,15,14,15,15,15,15,15,15,15,15,15,15,15,15,15,15,15,15,17,15,15,15,15,15,15,15,15,15,28,1,1,1,45,15,15,44,1,1,1,1,1,31,15,15,15,15,15,15,15,15,15,15,15,15,14,15,15,15,15,15,15,15,15,15,15,15,15,15,15,15,17,15,15,15,15,15,15,15,15,15,15,14,15,15,15,15,15,15,15,15,15,15,15,15,15,17,15,15,15
15,15,28,15,15,15,44,1,1,1,1,1,1,1,1,1,1,1,1,31,15,15,15,15,15,15,15,15,15,15,15,15,15,14,15,15,17,15,15,15,15,15,15,15,15,15,15,15,15,15,15,15,15,15,15,14,15,15,15,15,15,15,15,15,15,15,15,15,15,15,15,17,15,15,15,15,15,15,15,15,15,15,14,15,15,15,15,15,15,15,15,15,15,15,15,15,17,15,15,15
15,15,15,14,15,15,17,15,15,15,15,15,15,15,15,15,15,15,15,15,15,15,15,15,15,15,15,15,15,15,15,15,15,14,15,15,17,15,15,15,15,15,15,15,15,15,15,15,15,15,15,15,15,15,15,14,15,15,15,15,15,15,15,15,15,15,15,15,15,15,15,17,15,15,15,15,15,15,15,15,15,15,14,15,15,15,15,15,15,15,15,15,15,15,15,15,17,15,15,15
15,15,15,14,15,15,17,15,15,15,15,15,15,15,15,15,15,15,15,15,15,15,15,15,15,15,15,15,15,15,15,15,15,14,15,15,17,15,15,15,15,15,15,15,15,15,15,15,15,15,15,15,15,15,15,14,15,15,15,15,15,15,15,11,15,15,15,15,15,15,15,17,15,15,15,15,15,15,15,15,15,15,14,15,15,15,15,15,15,15,15,15,15,15,15,15,17,15,15,15
15,15,15,14,15,15,17,15,15,15,15,15,15,15,15,15,15,15,15,15,15,15,15,15,15,15,15,15,15,15,15,15,15,14,15,15,17,15,15,15,15,15,15,15,15,15,15,15,15,15,15,15,15,15,15,28,1,45,15,15,44,1,1,1,1,1,1,1,1,1,1,31,15,15,15,15,15,15,15,15,15,15,28,1,1,1,1,1,1,1,45,15,15,44,1,1,31,15,15,15
15,15,15,14,15,15,17,15,15,15,15,15,15,15,15,15,15,15,15,15,15,15,15,15,15,15,15,15,15,15,15,15,15,14,15,15,17,15,15,15,15,15,15,15,15,15,15,15,15,15,15,15,15,15,15,15,15,14,15,15,17,15,15,15,15,15,15,15,15,15,15,15,15,15,15,15,15,15,15,15,15,15,15,15,15,15,15,15,15,15,14,15,15,17,15,15,15,15,15,15
15,15,15,14,15,15,17,15,15,15,15,15,15,15,15,15,15,15,15,15,15,15,15,15,15,15,15,15,15,15,15,15,15,14,15,15,17,15,15,15,15,15,15,15,15,15,15,15,15,15,15,15,15,15,15,15,15,14,15,15,17,15,15,15,15,15,15,15,15,15,15,15,15,15,15,15,15,15,15,15,15,15,15,15,15,15,15,15,15,15,14,15,15,17,15,15,15,15,15,15
15,15,15,14,15,15,17,15,15,15,15,15,15,15,15,15,15,15,15,15,15,15,15,15,15,15,15,15,15,15,15,15,15,14,15,15,17,15,15,15,15,15,15,15,15,15,15,15,15,15,15,15,15,15,15,15,15,14,15,15,17,15,15,15,15,15,15,15,15,15,15,15,15,15,15,15,15,15,15,15,15,15,15,15,15,15,15,15,15,15,14,15,15,17,15,15,15,15,15,15
15,15,15,14,15,15,17,15,15,15,15,15,15,15,15,15,15,15,15,15,15,15,15,15,15,15,15,15,15,15,15,15,15,14,15,15,17,15,15,15,15,15,15,15,15,15,15,15,15,15,15,15,15,15,15,15,15,14,15,15,17,15,15,15,15,15,15,15,15,15,15,15,15,15,15,15,15,15,15,15,15,15,15,15,15,15,15,15,15,15,14,15,15,17,15,15,15,15,15,15
15,15,15,14,15,15,17,15,15,15,15,15,15,15,15,15,15,15,15,15,15,15,15,15,15,15,15,15,15,15,15,15,15,14,15,15,17,15,15,15,15,15,15,15,15,15,15,15,15,15,15,15,15,15,15,15,15,14,15,15,17,15,15,15,15,15,15,15,15,15,15,15,15,15,15,15,15,15,15,15,15,15,15,15,15,15,15,15,15,15,14,15,15,17,15,15,15,15,15,15
15,15,15,14,15,15,17,15,15,15,15,15,15,15,15,15,15,15,15,15,15,15,15,15,15,15,15,15,15,15,15,15,15,14,15,15,17,15,15,15,15,15,15,15,15,15,15,15,15,15,15,15,15,15,15,15,15,14,15,15,17,15,15,15,15,15,15,15,15,15,15,15,15,15,15,15,15,15,15,15,15,15,15,15,15,15,15,15,15,15,14,15,15,17,15,15,15,15,15,15
15,15,15,0,43,15,42,1,1,1,1,1,1,1,1,1,1,1,1,1,3,15,15,15,15,15,15,15,15,15,15,15,15,14,15,15,17,15,15,15,15,15,15,15,15,15,15,15,15,15,15,15,15,15,15,15,15,14,15,15,17,15,15,15,15,15,15,15,15,15,15,15,15,15,15,15,15,15,15,15,15,15,15,15,15,15,15,15,15,15,14,15,15,17,15,15,15,15,15,15
15,15,15,14,15,15,15,15,15,15,15,15,15,15,15,15,15,15,15,11,17,15,15,15,15,15,15,15,15,0,1,1,1,43,15,15,42,1,1,1,1,1,3,15,15,15,15,15,15,15,15,15,15,15,15,15,15,14,15,15,17,15,15,15,15,15,15,15,15,15,15,15,15,15,15,15,15,15,15,15,15,15,15,15,15,15,15,15,15,15,14,15,15,17,15,15,15,15,15,15
15,15,15,14,15,15,15,15,15,15,15,15,15,15,15,15,15,15,15,15,17,15,15,15,15,15,15,15,15,14,15,15,15,15,15,15,15,15,15,15,15,15,17,15,15,15,15,15,15,15,15,15,15,15,15,15,15,14,15,15,17,15,15,15,15,15,15,15,15,15,15,15,15,15,15,15,15,15,15,15,0,1,1,1,1,1,1,1,1,1,43,15,15,42,1,1,1,3,15,15
15,15,15,14,15,15,15,15,15,15,15,15,15,15,15,15,15,15,15,15,17,15,15,15,15,15,15,15,15,14,15,15,15,15,15,15,15,15,15,15,15,15,17,15,15,15,15,15,15,15,15,15,15,15,0,1,1,43,15,15,42,1,1,1,1,1,1,1,1,1,3,15,15,15,15,15,15,15,15,15,14,15,15,15,15,15,15,15,15,15,15,15,15,15,15,15,15,17,15,15
15,15,15,14,15,15,15,15,15,15,15,15,15,15,15,15,15,15,15,15,17,15,15,15,15,15,15,15,15,14,15,15,15,15,15,15,15,15,15,15,15,15,17,15,15,15,15,15,15,15,15,15,15,15,14,15,15,15,15,11,15,15,15,15,15,15,15,15,15,15,17,15,15,15,15,15,15,15,15,15,14,15,15,15,15,15,15,15,15,15,15,15,15,15,15,15,15,17,15,15
15,15,15,14,15,15,15,15,15,15,15,15,15,15,15,15,15,15,15,15,17,15,15,15,15,15,15,15,15,14,15,15,15,15,15,15,15,15,15,15,15,15,17,15,15,15,15,15,15,15,15,15,15,15,14,15,15,15,15,15,15,15,15,15,15,15,15,15,15,15,17,15,15,15,15,15,15,15,15,15,14,15,15,15,15,15,15,15,15,15,15,15,15,15,15,15,15,17,15,15
15,15,15,14,15,15,15,15,15,15,15,15,15,15,15,15,15,15,15,15,17,15,15,15,15,15,15,15,15,14,15,15,15,15,15,15,15,15,15,15,15,15,17,15,15,15,15,15,15,15,15,15,15,15,14,15,15,15,15,15,15,15,15,15,15,15,15,15,15,15,17,15,15,15,15,15,15,15,15,15,14,15,15,15,15,15,15,15,15,15,15,15,15,15,15,15,15,17,15,15
15,15,15,14,15,15,15,15,15,15,15,15,15,15,15,15,15,15,15,15,17,15,15,15,15,15,15,15,15,14,15,15,15,15,15,15,15,15,15,15,15,15,17,15,15,15,15,15,15,15,15,15,15,15,14,15,15,15,15,15,15,15,15,15,15,15,15,15,15,15,17,15,15,15,15,15,15,15,15,15,14,15,15,15,15,15,15,15,15,15,15,15,15,15,15,15,15,17,15,15
15,15,15,14,15,15,15,15,15,15,15,15,15,15,15,15,15,15,11,11,17,15,15,15,15,15,15,15,15,14,15,15,15,15,15,15,15,15,15,15,11,15,17,15,15,15,15,15,15,15,15,15,15,15,14,11,15,15,15,15,15,15,15,15,15,15,15,15,15,15,17,15,15,15,15,15,15,15,15,15,14,15,15,15,15,15,15,15,15,15,15,15,15,15,15,15,15,17,15,15
15,15,15,14,15,15,15,15,15,15,15,15,15,15,15,15,15,15,15,15,17,15,15,15,15,15,15,15,15,14,15,15,15,15,15,15,15,15,15,15,15,15,17,15,15,15,15,15,15,15,15,15,15,15,14,15,15,15,15,15,15,15,15,15,15,15,15,15,15,15,17,15,15,15,15,15,15,15,15,15,14,15,15,15,15,15,15,15,15,15,15,15,15,15,15,15,15,17,15,15
15,15,15,14,15,15,15,15,15,15,15,15,15,15,15,15,15,15,15,15,17,15,15,15,15,15,15,15,15,14,15,15,15,15,15,15,15,15,15,15,15,15,17,15,15,15,15,15,15,15,15,15,15,15,14,15,15,15,15,15,15,15,15,15,15,15,15,15,15,15,17,15,15,15,15,15,15,15,15,15,14,15,15,15,15,15,15,15,15,15,15,15,15,15,15,15,15,17,15,15
15,15,15,14,15,15,15,15,15,15,15,15,15,15,15,15,15,15,15,15,17,15,15,15,15,15,15,15,15,14,15,15,15,15,15,15,15,15,15,15,15,15,17,15,15,15,15,15,15,15,15,15,15,15,14,15,15,15,15,15,15,15,15,15,15,15,15,15,15,15,17,15,15,15,15,15,15,15,15,15,14,15,15,15,15,15,15,15,15,11,15,15,15,15,15,15,15,17,15,15
15,15,15,28,1,1,45,15,15,44,1,1,1,1,1,1,1,1,1,1,31,15,15,15,15,15,15,15,15,14,15,15,15,15,15,15,15,15,15,15,15,15,17,15,15,15,15,15,15,15,15,15,15,15,14,15,15,15,15,15,15,15,15,15,15,15,15,15,15,15,17,15,15,15,15,15,15,15,15,15,14,15,15,15,15,15,15,15,15,15,15,15,15,15,15,15,15,17,15,15
15,15,15,15,15,15,14,15,15,17,15,15,15,15,15,15,15,15,15,15,15,15,15,15,15,15,15,15,15,28,1,1,1,1,1,1,1,1,1,1,1,1,31,15,15,15,15,15,15,15,15,15,15,15,14,15,15,15,15,15,15,15,15,15,15,15,15,15,15,15,17,15,15,15,15,15,15,15,15,15,14,15,15,15,15,15,15,15,15,15,15,15,15,15,15,15,15,17,15,15
15,15,15,15,15,15,14,15,15,17,15,15,15,15,15,15,15,15,15,15,15,15,15,15,15,15,15,15,15,15,15,15,15,15,15,15,15,15,15,15,15,15,15,15,15,15,15,15,15,15,15,15,15,15,14,15,15,15,15,15,15,15,15,15,15,15,15,11,15,15,17,15,15,15,15,15,15,15,15,15,14,15,15,11,15,15,15,15,15,15,15,15,15,15,15,15,15,17,15,15
15,15,15,15,15,15,14,15,15,17,15,15,15,15,15,15,15,15,15,15,15,15,15,15,15,15,15,15,15,15,15,15,15,15,15,15,15,15,15,15,15,15,15,15,15,15,15,15,15,15,15,15,15,15,14,15,15,15,15,15,15,15,15,15,15,15,15,15,15,15,17,15,15,15,15,15,15,15,15,15,14,15,15,15,15,15,15,15,15,15,15,15,15,15,15,15,15,17,15,15
15,15,15,15,15,15,14,15,15,17,15,15,15,15,15,15,15,15,15,15,15,15,15,15,15,15,15,15,15,15,15,15,15,15,15,15,15,15,15,15,15,15,15,15,15,15,15,15,15,15,15,15,15,15,14,15,15,15,15,15,15,15,15,15,15,15,15,15,15,15,17,15,15,15,15,15,15,15,15,15,14,15,15,15,15,15,15,15,15,15,15,15,15,15,15,15,15,17,15,15
15,15,15,15,15,15,14,15,15,17,15,15,15,15,15,15,15,15,15,15,15,15,15,15,15,15,15,15,15,15,15,15,15,15,15,15,15,15,15,15,15,15,15,15,15,15,15,15,15,15,15,15,15,15,14,15,15,15,15,15,15,15,15,15,15,15,15,15,15,15,17,15,15,15,15,15,15,15,15,15,14,15,15,15,15,15,15,15,15,15,15,15,15,15,15,15,15,17,15,15
15,15,15,15,15,15,14,15,15,17,15,15,15,15,15,15,15,15,15,15,15,15,15,15,15,15,15,15,15,15,15,15,15,15,15,15,15,15,15,15,15,15,15,15,15,15,15,15,15,15,15,15,15,15,28,1,1,45,15,15,44,1,1,1,1,1,1,1,1,1,31,15,15,15,15,15,15,15,15,15,14,15,15,15,15,15,15,15,15,15,15,15,15,15,15,15,15,17,15,15
15,15,15,15,15,15,14,15,15,17,15,15,15,15,15,15,15,15,15,15,15,15,15,15,15,15,15,15,15,15,15,15,15,15,15,15,15,15,15,15,15,15,15,15,15,15,15,15,15,15,15,15,15,15,15,15,15,14,15,15,17,15,15,15,15,15,15,15,15,15,15,15,15,15,15,15,15,15,15,15,28,1,1,1,1,1,1,1,1,1,1,1,1,1,1,1,1,31,15,15
15,15,15,15,15,15,14,15,15,17,15,15,15,15,15,15,15,15,15,15,15,15,15,15,15,15,15,15,15,15,15,15,15,15,15,15,15,15,15,15,15,15,15,15,15,15,15,15,15,15,15,15,15,15,15,15,15,14,15,15,17,15,15,15,15,15,15,15,15,15,15,15,15,15,15,15,15,15,15,15,15,15,15,15,15,15,15,15,15,15,15,15,15,15,15,15,15,15,15,15
15,15,15,15,15,15,14,15,15,17,15,15,15,15,15,15,15,15,15,15,15,15,15,15,15,15,15,15,15,15,15,15,15,15,15,15,15,15,15,15,15,15,15,15,15,15,15,15,15,15,15,15,15,15,15,15,15,14,15,15,17,15,15,15,15,15,15,15,15,15,15,15,15,15,15,15,15,15,15,15,15,15,15,15,15,15,15,15,15,15,15,15,15,15,15,15,15,15,15,15
15,15,15,15,15,15,14,15,15,17,15,15,15,15,15,15,15,15,15,15,15,15,15,15,15,15,15,15,15,15,15,15,15,15,15,15,15,15,15,15,15,15,15,15,15,15,15,15,15,15,15,15,15,15,15,15,15,14,15,15,17,15,15,15,15,15,15,15,15,15,15,15,15,15,15,15,15,15,15,15,15,15,15,15,15,15,15,15,15,15,15,15,15,15,15,15,15,15,15,15
15,15,15,15,15,15,14,15,15,17,15,15,15,15,15,15,15,15,15,15,15,15,15,15,15,15,15,15,15,15,15,15,15,15,15,15,15,15,15,15,15,15,15,15,15,15,15,15,15,15,15,15,15,15,15,15,15,14,15,15,17,15,15,15,15,15,15,15,15,15,15,15,15,15,15,15,15,15,15,15,15,15,15,15,15,15,15,15,15,15,15,15,15,15,15,15,15,15,15,15
15,15,15,15,15,15,14,15,15,17,15,15,15,15,15,15,15,15,15,15,15,15,15,15,15,15,15,15,15,15,15,15,0,1,1,1,1,1,1,1,1,1,1,3,15,15,15,15,15,15,15,15,15,15,15,15,15,14,15,15,17,15,15,15,15,15,15,15,15,15,15,15,15,15,15,15,15,15,15,15,15,15,15,15,15,15,15,15,15,15,15,15,15,15,15,15,15,15,15,15
15,15,15,15,15,15,0,43,15,42,1,1,1,1,1,1,1,1,1,1,1,3,15,15,15,15,15,15,15,15,15,15,14,15,15,15,15,15,15,15,15,15,15,17,15,15,15,15,15,15,15,15,15,15,15,15,15,14,15,15,17,15,15,15,15,15,15,15,15,15,15,15,15,15,15,15,15,15,15,15,15,15,15,15,15,15,15,15,15,15,15,15,15,15,15,15,15,15,15,15
15,15,15,15,15,15,14,15,15,15,15,15,15,15,15,15,15,15,15,15,15,17,15,15,15,15,15,15,15,15,15,15,14,15,15,15,15,15,15,15,15,15,15,17,15,15,15,15,15,15,15,15,15,15,15,15,15,14,15,15,17,15,15,15,15,15,15,15,15,15,15,15,15,15,15,15,15,0,1,1,1,1,1,1,1,1,1,1,1,1,1,1,1,1,1,1,1,3,15,15
15,15,15,15,15,15,14,15,15,15,15,15,15,15,15,15,15,15,15,15,15,17,15,15,15,15,15,15,15,15,15,15,14,15,15,15,15,15,15,15,15,15,15,17,15,15,15,15,15,15,15,15,15,15,15,15,15,14,15,15,17,15,15,15,15,15,15,15,15,15,15,15,15,15,15,15,15,14,15,15,15,15,15,15,15,15,15,15,15,15,15,15,15,15,15,15,15,17,15,15
15,15,15,15,15,15,14,15,15,15,15,15,15,15,15,15,15,15,15,15,15,42,1,1,1,1,1,1,1,1,1,1,43,15,15,15,15,15,15,15,15,15,15,17,15,15,15,15,15,15,15,15,15,15,15,0,1,43,15,15,42,1,1,1,1,1,1,1,1,1,3,15,15,15,15,15,15,14,15,15,15,15,15,15,15,15,15,15,15,15,15,15,15,15,15,15,15,17,15,15
15,15,15,15,15,15,14,15,15,15,15,15,15,15,15,15,15,15,15,15,11,15,15,15,15,15,15,15,15,15,15,15,15,15,15,15,15,15,15,15,15,15,15,17,15,15,15,15,15,15,15,15,15,15,15,14,15,15,15,15,15,15,15,15,15,15,15,15,15,15,17,15,15,15,15,15,15,14,15,15,15,15,15,15,15,15,15,15,15,15,15,15,15,15,15,15,15,17,15,15
15,15,15,15,15,15,14,15,15,15,15,15,15,15,15,15,15,15,15,15,15,15,15,15,15,15,15,15,15,15,15,15,15,15,15,15,11,15,15,15,15,15,15,17,15,15,15,15,15,15,15,15,15,15,15,14,15,15,15,15,15,15,15,15,15,15,15,15,15,15,17,15,15,15,15,15,15,14,15,15,15,15,15,15,15,15,15,15,15,15,15,15,15,15,15,15,15,17,15,15
15,15,15,15,15,15,14,15,15,15,15,15,15,15,15,15,15,15,15,15,15,44,1,1,1,1,1,1,1,1,1,1,45,15,15,15,15,15,11,15,15,15,15,17,15,15,15,15,15,15,15,15,15,15,15,14,15,15,15,15,15,15,15,15,15,15,15,15,15,15,17,15,15,15,15,15,15,14,15,15,15,15,15,15,15,15,15,15,15,15,15,15,15,15,15,15,15,17,15,15
15,15,15,15,15,15,14,15,15,15,15,15,15,15,15,15,15,15,15,15,15,17,15,15,15,15,15,15,15,15,15,15,14,15,15,15,15,15,15,15,15,15,15,17,15,15,15,15,15,15,15,15,15,15,15,14,15,15,15,15,15,15,15,15,15,15,15,15,15,15,17,15,15,15,15,15,15,14,15,15,15,15,15,15,15,15,15,15,15,15,15,15,15,15,15,15,15,17,15,15
15,15,15,15,15,15,14,15,15,15,15,15,15,15,15,15,15,15,15,15,15,17,15,15,15,15,15,15,15,15,15,15,14,15,15,11,15,15,15,15,15,15,15,17,15,15,15,15,15,15,15,15,15,15,15,14,15,15,15,15,15,15,15,15,15,15,15,15,15,15,17,15,15,15,15,15,15,14,15,15,15,15,15,15,15,15,15,15,15,15,15,15,15,15,15,15,15,17,15,15
15,15,15,15,15,15,14,15,15,15,15,15,15,15,15,15,15,15,15,15,15,17,15,15,15,15,15,15,15,15,15,15,14,15,15,15,15,15,15,15,15,15,15,17,15,15,15,15,15,15,15,15,15,15,15,14,15,15,15,15,15,15,15,15,15,15,15,15,15,15,17,15,15,15,15,15,15,14,15,15,15,15,15,15,15,15,15,15,15,15,15,15,15,15,15,15,15,17,15,15
15,15,15,15,15,15,14,15,15,15,15,15,15,15,15,15,15,15,15,15,15,17,15,15,15,15,15,15,15,15,15,15,14,15,15,15,15,15,15,15,15,15,15,17,15,15,15,15,15,15,15,15,15,15,15,14,15,15,15,15,15,15,15,15,15,15,15,15,15,15,17,15,15,15,15,15,15,14,15,15,15,15,15,15,15,15,15,15,15,15,15,15,15,11,15,15,15,17,15,15
15,15,15,15,15,15,14,15,15,15,15,15,15,15,15,15,15,15,15,15,15,17,15,15,15,15,15,15,15,15,15,15,14,15,15,15,15,15,15,15,15,15,15,17,15,15,15,15,15,15,15,15,15,15,15,14,15,15,15,15,15,15,15,15,15,15,15,15,15,15,17,15,15,15,15,15,15,14,15,15,15,15,15,15,15,15,15,15,15,15,15,15,15,15,15,15,15,17,15,15
15,15,15,15,15,15,14,15,15,15,15,15,15,15,15,15,15,15,15,15,15,17,15,15,15,15,15,15,15,15,15,15,14,15,15,15,15,15,15,15,15,15,15,17,15,15,15,15,15,15,15,15,15,15,15,14,15,15,15,15,15,15,15,11,15,15,15,15,15,15,42,1,1,1,1,1,1,43,15,15,15,15,15,15,15,15,15,15,15,15,15,15,15,15,15,15,15,17,15,15
15,15,15,15,15,15,14,15,15,15,15,15,15,15,15,15,15,15,15,15,15,17,15,15,15,15,15,15,15,15,15,15,14,15,15,15,15,15,15,15,15,15,15,17,15,15,15,15,15,15,15,15,15,15,15,14,15,15,15,15,15,15,15,15,15,15,15,15,15,15,15,15,15,15,15,15,15,15,15,15,15,15,15,15,15,15,15,15,15,15,15,15,15,15,15,15,15,17,15,15
15,15,15,15,15,15,14,15,15,15,15,15,15,15,15,15,15,15,15,15,15,17,15,15,15,15,15,15,15,15,15,15,14,15,15,15,15,15,15,15,15,15,15,17,15,15,15,15,15,15,15,15,15,15,15,14,15,15,15,15,15,15,15,15,15,15,15,15,15,11,15,15,15,15,15,15,15,15,15,15,15,15,15,15,15,15,15,15,15,15,15,15,15,15,15,15,15,17,15,15
15,15,15,15,15,15,28,15,15,44,1,1,1,1,1,1,1,1,1,1,1,31,15,15,15,15,15,15,15,15,15,15,28,1,1,1,1,1,1,1,1,1,1,31,15,15,15,15,15,15,15,15,15,15,15,14,15,15,15,15,15,15,15,15,15,15,15,15,15,15,15,1,1,1,1,1,1,45,15,15,15,15,15,15,15,15,15,15,15,15,15,15,15,15,15,15,15,17,15,15
15,15,15,15,15,15,14,15,15,17,15,15,15,15,15,15,15,15,15,15,15,15,15,15,15,15,15,15,15,15,15,15,15,15,15,15,15,15,15,15,15,15,15,15,15,15,15,15,15,15,15,15,15,15,15,28,1,1,1,45,15,15,44,1,1,1,1,1,1,1,31,15,15,15,15,15,15,14,15,15,15,15,15,15,15,15,15,15,15,15,15,15,15,15,15,15,15,17,15,15
15,15,15,15,15,15,14,15,15,17,15,15,15,15,15,15,15,15,15,15,15,15,15,15,15,15,15,15,15,15,15,15,15,15,15,15,15,15,15,15,15,15,15,15,15,15,15,15,15,15,15,15,15,15,15,15,15,15,15,14,15,15,17,15,15,15,15,15,15,15,15,15,15,15,15,15,15,14,15,15,15,15,15,15,15,15,15,15,15,15,15,15,15,15,15,15,15,17,15,15
15,15,15,15,15,15,14,15,15,17,15,15,15,15,15,15,15,15,15,15,15,15,15,15,15,15,15,15,15,15,15,15,15,15,15,15,15,15,15,15,15,15,15,15,15,15,15,15,15,15,15,15,15,15,15,15,15,15,15,14,15,15,17,15,15,15,15,15,15,15,15,15,15,15,15,15,15,28,1,1,1,1,1,1,1,1,1,45,15,15,44,1,1,1,1,1,1,31,15,15
15,15,15,15,15,15,14,15,15,17,15,15,15,15,15,15,15,15,15,15,15,15,15,15,15,15,15,15,15,15,15,15,15,15,15,15,15,15,15,15,15,15,15,15,15,15,15,15,15,15,15,15,15,15,15,15,15,15,15,14,15,15,17,15,15,15,15,15,15,15,15,15,15,15,15,15,15,15,15,15,15,15,15,15,15,15,15,14,15,15,17,15,15,15,15,15,15,15,15,15
15,15,15,15,15,15,14,15,15,17,15,15,15,15,15,15,15,15,15,15,15,15,15,15,15,15,15,15,15,15,15,15,15,15,15,15,15,15,15,15,15,15,15,15,15,15,15,15,15,15,15,15,15,15,15,15,15,15,15,14,15,15,17,15,15,15,15,15,15,15,15,15,15,15,15,15,15,15,15,15,15,15,15,15,15,15,15,14,15,15,17,15,15,15,15,15,15,15,15,15
15,15,15,15,15,15,14,15,15,17,15,15,15,15,15,15,15,15,15,15,15,15,15,15,15,15,15,15,15,15,15,15,15,15,15,15,15,15,15,15,15,15,15,15,15,15,15,15,15,15,15,15,15,15,15,15,15,15,15,14,15,15,17,15,15,15,15,15,15,15,15,15,15,15,15,15,15,15,15,15,15,15,15,15,15,15,15,14,15,15,17,15,15,15,15,15,15,15,15,15
15,15,15,15,0,1,43,15,15,42,1,1,1,1,1,1,1,1,1,1,1,3,15,15,15,15,15,15,15,15,15,15,15,15,15,15,15,15,15,15,15,15,15,15,15,15,15,15,15,15,15,15,15,15,15,15,15,15,15,14,15,15,17,15,15,15,15,15,15,15,15,15,15,15,15,15,15,15,15,15,15,15,15,15,15,15,15,14,15,15,17,15,15,15,15,15,15,15,15,15
15,15,15,15,14,15,15,15,15,15,15,15,15,15,15,15,15,15,15,15,15,17,15,15,15,15,15,15,15,15,15,15,15,15,15,15,15,15,15,15,15,15,15,15,15,15,15,15,15,15,15,15,15,15,15,15,0,1,1,43,15,15,42,1,1,1,1,1,1,1,3,15,15,15,15,15,15,15,15,15,15,15,15,15,15,15,15,14,15,15,17,15,15,15,15,15,15,15,15,15
15,15,15,15,14,15,15,15,15,15,15,15,15,15,15,15,15,15,15,15,15,17,15,15,15,15,15,15,0,1,1,1,1,1,1,1,1,1,1,1,1,1,1,3,15,15,15,15,15,15,15,15,15,15,15,15,14,15,15,15,15,15,15,15,15,15,15,15,15,15,17,15,15,15,15,15,15,15,15,15,15,15,15,15,15,15,15,14,15,15,17,15,15,15,15,15,15,15,15,15
15,15,15,15,14,15,15,15,15,15,15,15,15,15,15,15,15,15,15,15,15,17,15,15,15,15,15,15,14,15,15,15,15,15,15,15,15,15,15,15,15,15,15,17,15,15,15,15,15,15,15,15,15,15,15,15,14,15,15,15,15,15,15,15,15,15,15,15,15,15,17,15,15,15,15,15,15,15,15,15,15,15,15,15,15,15,15,14,15,15,17,15,15,15,15,15,15,15,15,15
15,15,15,15,14,15,15,15,15,15,15,15,15,15,15,15,15,15,15,15,15,17,15,15,15,15,15,15,14,15,15,15,15,15,15,15,15,15,15,15,15,15,15,17,15,15,15,15,15,15,15,15,15,15,15,15,14,15,15,15,15,15,15,15,15,15,15,15,15,15,17,15,15,15,15,15,15,15,15,15,15,15,15,15,15,15,15,14,15,15,17,15,15,15,15,15,15,15,15,15
15,15,15,15,14,15,15,15,15,15,15,15,15,11,15,15,15,15,15,15,15,17,15,15,15,15,15,15,14,15,15,15,15,15,15,15,15,15,15,15,15,15,15,17,15,15,15,15,15,15,15,15,15,15,15,15,14,15,15,15,15,15,15,15,15,5,15,15,15,15,17,15,15,15,15,15,15,15,15,15,15,15,15,15,15,15,15,14,15,15,17,15,15,15,15,15,15,15,15,15
15,15,15,15,14,15,15,15,15,15,15,15,15,15,15,15,15,15,15,15,15,17,15,15,15,15,15,15,14,15,15,15,15,15,15,15,15,15,15,15,15,15,15,17,15,15,15,15,15,15,15,15,15,15,15,15,14,15,15,15,15,15,15,15,15,15,15,15,15,15,17,15,15,15,15,15,15,15,15,15,15,15,15,15,15,15,15,14,15,15,17,15,15,15,15,15,15,15,15,15
15,15,15,15,14,15,15,15,15,15,15,15,15,15,15,15,15,15,15,15,15,42,1,1,1,1,1,1,43,15,15,15,15,15,15,15,15,15,15,15,15,15,15,17,15,15,15,15,15,15,15,15,15,15,15,15,14,15,15,15,15,15,15,15,15,15,15,15,15,15,17,15,15,15,15,15,15,0,1,1,1,1,1,1,1,1,1,43,15,15,42,1,1,1,1,1,3,15,15,15
15,15,15,15,14,15,15,15,15,15,15,15,15,15,15,15,15,15,15,15,15,15,15,15,15,15,15,15,15,15,15,15,15,15,15,15,15,15,15,15,15,15,15,17,15,15,15,15,15,15,15,15,15,15,15,15,14,15,15,15,15,15,15,15,15,15,15,15,15,15,17,15,15,15,15,15,15,14,15,15,15,15,15,15,15,15,15,15,15,15,15,15,15,15,15,15,17,15,15,15
15,15,15,15,14,15,15,15,15,15,15,15,15,15,15,15,15,15,15,15,15,15,15,15,15,15,15,15,15,15,15,15,15,15,15,15,15,15,15,15,15,11,15,17,15,15,15,15,15,15,15,15,15,15,15,15,14,15,15,15,15,15,15,15,15,15,15,15,15,15,17,15,15,15,15,15,15,14,15,15,15,15,15,15,15,11,15,15,15,15,15,15,15,15,15,15,17,15,15,15
15,15,15,15,14,15,15,15,15,15,15,15,15,15,15,15,15,15,15,15,15,44,1,1,1,1,1,1,45,15,15,15,15,15,15,15,15,15,15,15,15,15,15,17,15,15,15,15,15,15,15,15,15,15,15,15,14,15,15,15,15,15,15,15,15,15,15,15,15,15,17,15,15,15,15,15,15,14,15,15,15,15,15,15,15,15,15,15,15,15,15,15,15,15,15,15,17,15,15,15
15,15,15,15,14,15,15,15,15,15,15,15,15,15,15,15,15,15,15,15,15,17,15,15,15,15,15,15,14,15,15,15,15,15,15,15,15,15,15,15,15,15,15,17,15,15,15,15,15,15,15,15,15,15,15,15,14,15,15,15,15,15,15,15,15,15,15,15,15,15,17,15,15,15,15,15,15,14,15,15,15,15,15,15,15,15,15,15,15,15,15,15,15,15,15,15,17,15,15,15
15,15,15,15,14,15,15,15,15,15,15,15,15,15,15,15,15,15,15,15,15,17,15,15,15,15,15,15,14,15,15,15,15,15,15,15,15,15,15,15,15,15,15,17,15,15,15,15,15,15,15,15,15,15,15,15,14,15,15,15,15,15,15,15,15,15,15,15,15,15,17,15,15,15,15,15,15,14,15,15,15,15,15,15,15,15,15,15,15,15,15,15,15,15,15,15,17,15,15,15
15,15,15,15,14,15,15,15,15,15,15,15,15,15,15,15,15,15,15,15,15,17,15,15,15,15,15,15,14,15,15,15,15,15,15,15,15,15,15,15,15,15,15,17,15,15,15,15,15,15,15,15,15,15,15,15,14,15,15,15,15,15,15,15,15,15,15,15,15,15,17,15,15,15,15,15,15,14,15,15,15,11,15,15,15,15,15,15,15,15,15,15,15,15,15,15,17,15,15,15
15,15,15,15,14,15,15,15,15,15,15,15,15,15,15,15,15,15,15,15,15,17,15,15,15,15,15,15,14,15,15,15,15,15,15,15,15,15,15,15,15,15,15,17,15,15,15,15,15,15,15,15,15,15,15,15,14,15,15,15,15,15,15,15,15,15,15,15,15,15,17,15,15,15,15,15,15,14,15,15,15,15,15,15,15,15,15,15,15,15,15,15,15,15,15,15,17,15,15,15
15,15,15,15,14,15,15,15,15,15,15,15,15,15,15,15,15,15,15,15,15,17,15,15,15,15,15,15,14,15,15,15,15,15,15,15,15,15,15,15,15,15,15,17,15,15,15,15,15,15,15,15,15,15,15,15,14,15,15,15,15,15,15,15,15,15,15,15,15,15,17,15,15,15,15,15,15,14,15,15,15,11,15,15,15,15,15,15,15,15,15,15,15,15,15,15,17,15,15,15
15,15,15,15,14,15,15,15,15,15,15,15,15,15,15,15,15,15,15,15,15,17,15,15,15,15,15,15,14,15,15,15,15,15,15,15,15,15,15,15,15,15,15,17,15,15,15,15,15,15,15,15,15,15,15,15,14,15,15,15,15,15,15,15,15,15,15,15,15,15,17,15,15,15,15,15,15,14,15,15,15,15,15,15,15,15,15,15,15,15,15,15,15,15,15,15,17,15,15,15
15,15,15,15,14,15,15,15,15,15,15,15,15,15,15,15,15,15,15,15,15,17,15,15,15,15,15,15,14,15,15,15,15,15,15,15,15,15,15,15,15,15,15,17,15,15,15,15,15,15,15,15,15,15,15,15,14,15,15,15,15,15,15,15,15,15,15,15,15,15,17,15,15,15,15,15,15,14,15,15,15,15,15,15,15,15,15,15,15,15,15,15,15,15,15,15,17,15,15,15
15,15,15,15,14,15,15,15,15,15,15,15,15,15,15,15,15,15,15,15,15,17,15,15,15,15,15,15,14,15,15,15,15,15,15,15,15,15,15,15,15,15,15,17,15,15,15,15,15,15,15,15,15,15,15,15,28,1,1,1,1,1,1,1,1,1,1,1,1,1,31,15,15,15,15,15,15,14,15,15,15,15,15,15,15,15,15,15,15,15,15,15,15,15,15,15,17,15,15,15
15,15,15,15,28,1,1,1,1,1,1,1,1,1,1,1,1,1,1,1,1,31,15,15,15,15,15,15,14,15,15,15,15,15,15,15,15,15,15,15,15,15,15,17,15,15,15,15,15,15,15,15,15,15,15,15,15,15,15,15,15,15,15,15,15,15,15,15,15,15,15,15,15,15,15,15,15,14,15,15,15,15,15,15,15,15,15,15,15,15,15,15,15,15,15,15,17,15,15,15
15,15,15,15,15,15,15,15,15,15,15,15,15,15,15,15,15,15,15,15,15,15,15,15,15,15,15,15,28,1,1,1,1,1,1,1,1,1,1,1,1,1,1,31,15,15,15,15,15,15,15,15,15,15,15,15,15,15,15,15,15,15,15,15,15,15,15,15,15,15,15,15,15,15,15,15,15,28,1,1,1,1,1,1,1,1,1,1,1,1,1,1,1,1,1,1,31,15,15,15
15,15,15,15,15,15,15,15,15,15,15,15,15,15,15,15,15,15,15,15,15,15,15,15,15,15,15,15,15,15,15,15,15,15,15,15,15,15,15,15,15,15,15,15,15,15,15,15,15,15,15,15,15,15,15,15,15,15,15,15,15,15,15,15,15,15,15,15,15,15,15,15,15,15,15,15,15,15,15,15,15,15,15,15,15,15,15,15,15,15,15,15,15,15,15,15,15,15,15,15
15,15,15,15,15,15,15,15,15,15,15,15,15,15,15,15,15,15,15,15,15,15,15,15,15,15,15,15,15,15,15,15,15,15,15,15,15,15,15,15,15,15,15,15,15,15,15,15,15,15,15,15,15,15,15,15,15,15,15,15,15,15,15,15,15,15,15,15,15,15,15,15,15,15,15,15,15,15,15,15,15,15,15,15,15,15,15,15,15,15,15,15,15,15,15,15,15,15,15,15
